[header.jpg]
moddate=2ca88fcea418cf01
width=1004
height=366
text=1;150;23;BORN AGAIN TRANSPORTERS;Arial Black;0.218128,0.051914,0.072222,0.000000;v1,4291022124,4289790009,128.000000,1.000000,1.000000,1.000000,400,2,49152;;
textactive=1
[header.1.jpg]
moddate=8469f1fdaa18cf01
width=1004
height=366
text=1;150;23;BORN AGAIN TRANSPORTERS;Arial Black;0.217132,0.046450,0.072222,0.000000;v1,4291745607,4278190080,128.000000,1.000000,1.000000,1.000000,400,2,49152;;
textactive=1
